5110197581877
5111779675287
5111780112603
5112101609435
5112469265434
5112469265434
5112870454010
5113052900253
5113226411132
5113226411132
5113955064996
5113966793830
5113974853939
5114004876002
5114005359513
5114006072423
5114007061066
5114008933707
5114027918048
5114029402276
5114030529225
5114046980958
5114054954004
5114056024488
5114061904837
5114062964266
5114063907624
5114064158475
5114065860291
5114066496076
5114069982391
5114070969215
5114072764699
5114080074290
5114082306320
5114090992086
5114091180964
5114092233443
5114093404293
5114094877233
5114100098058
5114101673440
5114116358895
5114122914237
5114123571508
5114124085528
5114126268636
5114127382819
5114128050372
5114129098413
5114130653355
5114131487410
5114140119086
5114141069602
5114141069602
5114151940303
5114156588853
5114166602149
5114205272409
5114206881507
5114240264935
5114242321238
5114249438090
5114259359233
5114260451433
5114261175791
5114276674945
5114296733839
5114299882689
5114301628731
5114304174881
5114306257882
5114307387773
5114325403334
5114327048424
5114342125673
5114343265326
5114372695187
5114377007233
5114392100174
5114398595235
5114398595235
5114404165709
5114407643312
5114410696851
5114412257875
5114417353075
5114420332235
5114421830632
5114423155598
5114430796933
5114435639915
5114437996361
5114438965974
5114446942038
5114452508065
5114461905623
5114466294774
5114469972490
5114477922282
5114479650784
5114480440495
5114482408397
5114485604326
5114488240840
5114492975719
5114492975719
5114493106866
5114493106866
5114495907791
5114495907791
5114498235265
5114505426753
5114508833852
5114509448725
5114514099284
5114518540053
5114521021637
5114522462346
5114523171620
5114524908299
5114525773235
5114529109654
5114530343874
5114531595097
5114532216483
5114536380157
5114543183515
5114544127797
5114548142490
5114549767740
5114551193995
5114552961578
5114557391049
5114558751775
5114560055970
5114562656107
5114563027702
5114564982863
5114567791749
5114570840101
5114577898361
5114578689557
5114579376323
5114588825240
5114589637665
5114591544122
5114592193382
5114594461412
5114595116858
5114596826266
5114597775721
5114598657572
5114604205067
5114606949706
5114608503161
5114609220307
5114610778589
5114614493611
5114617415014
5114619494207
5114645976942
5114659064955
5114660797429
5114661564508
5114662378792
5114663840707
5114672272249
5114717306963
5114754439549
5114755585217
5114756746831
5114757392759
5114758445159
5114759978519
5114760545010
5114761499206
5114762768777
5114763203617
5114764707897
5114764707897
5114765349867
5114766656376
5114767196219
5114768818762
5114769598628
5114770838317
5114772356697
5114773778915
5114774589090
5114775373065
5114776131371
5114777482874
5114780412719
5114781987911
5114782023084
5114783721274
5114784680363
5114785837637
5114786527154
5114787099406
5114789730227
5114792854113
5114793504467
5114794883078
5114795142544
5114796788328
5114799247565
5114800853292
5114801696567
5114802000128
5114803964114
5114804688513
5114806462959
5114807986091
5114809051719
5114810798541
5114812006204
5114814315928
5114816703076
5114820893048
5114823782140
5114825470333
5114826594688
5114829062165
5114832993612
5114838829404
5114840760387
5114843119343
5114848495935
5114851111396
5114856060593
5114861342945
5114862685442
5114872819399
5114882815636
5114895151140
5114905277906
5114906168327
5115008301569
5115029442704
5115040401897
